100
7
15 8
7 5
12 9
7 19
19 7
8 7
18 15
7
5 17
10 1
17 19
12 18
0 0
11 18
6 10
7
16 15
18 17
16 4
12 1
10 3
0 0
2 13
7
12 5
11 12
10 15
18 0
4 0
13 7
6 19
7
10 7
4 2
9 16
1 4
13 2
2 16
15 8
7
0 0
9 0
9 7
17 4
16 7
16 1
8 4
7
11 6
13 11
9 17
15 16
15 15
13 13
18 3
7
3 8
17 18
17 1
17 10
6 6
11 7
2 1
7
17 16
0 10
5 16
16 2
12 10
14 9
13 8
7
1 0
0 13
2 4
7 15
18 17
0 6
15 12
7
13 19
12 14
2 6
8 14
15 16
3 3
4 14
7
9 3
19 8
6 18
17 2
4 5
13 2
4 7
7
16 1
5 8
7 6
10 13
0 18
17 5
1 2
7
19 6
0 19
17 16
17 9
18 10
19 1
2 13
7
0 12
5 4
12 17
18 18
14 15
1 1
10 8
7
17 13
0 7
19 8
12 15
17 12
8 17
11 12
7
14 15
9 18
18 15
11 2
16 12
8 2
16 18
7
16 17
17 5
18 4
11 6
19 8
8 1
9 5
7
15 8
4 4
4 10
4 3
17 9
1 19
5 17
7
18 17
11 11
7 2
11 15
8 2
2 11
11 14
7
13 5
1 13
14 0
5 3
19 8
8 5
1 10
7
16 18
5 1
5 14
11 11
19 10
6 4
13 5
7
13 6
3 6
6 16
14 3
5 3
15 4
6 12
7
15 6
0 8
10 16
6 3
7 1
14 13
14 16
7
5 8
15 7
9 7
12 0
3 17
2 8
17 12
7
17 3
1 3
15 16
4 1
5 0
0 10
14 11
7
18 9
2 8
17 13
17 7
5 11
1 1
4 0
7
19 10
5 0
7 12
4 19
7 2
4 3
16 5
7
17 17
5 18
18 0
14 3
8 17
15 1
5 9
7
10 8
18 5
9 15
5 1
9 16
4 2
16 9
7
4 9
4 2
11 13
5 8
2 0
3 7
12 3
7
17 13
9 1
12 10
12 13
18 2
2 9
4 17
7
16 11
12 11
5 0
3 12
9 16
5 12
11 15
7
0 14
0 3
16 4
14 8
18 17
18 14
4 11
7
2 19
11 10
0 11
9 14
5 10
11 17
3 13
7
16 19
12 4
5 3
16 18
7 9
7 5
0 3
7
17 10
6 15
7 15
14 8
17 16
6 17
14 1
7
3 12
18 16
9 7
1 12
10 7
9 18
6 8
7
12 16
6 19
15 1
12 9
8 14
13 16
5 16
7
16 9
4 12
8 5
1 13
9 2
2 10
19 13
7
18 17
14 10
5 13
16 9
14 13
15 5
14 11
7
1 7
6 6
13 4
5 8
16 4
0 17
10 0
7
16 6
13 1
15 15
18 18
11 1
3 18
13 0
7
10 11
12 6
12 4
4 3
19 16
19 7
5 18
7
7 7
7 11
9 0
11 3
0 10
2 16
1 18
7
6 4
9 5
5 8
13 15
4 8
13 5
17 16
7
5 12
18 14
10 3
8 5
12 0
17 7
10 16
7
18 4
11 14
13 5
8 8
0 2
8 7
17 17
7
15 2
3 17
3 3
4 4
6 13
13 5
6 19
7
11 14
8 4
18 6
17 1
13 13
4 6
15 11
7
6 9
5 13
5 17
2 9
17 4
17 16
6 10
7
11 7
16 16
6 19
10 6
3 11
0 1
13 6
7
12 2
3 19
5 1
6 7
3 2
13 18
8 4
7
15 3
6 5
1 3
7 7
17 18
12 6
16 2
7
19 0
13 6
17 12
11 12
8 15
11 8
5 14
7
16 11
7 10
17 16
15 2
3 2
18 13
0 16
7
19 5
1 11
18 5
1 12
9 8
8 12
19 16
7
12 6
4 12
3 1
14 2
4 11
0 10
9 15
7
18 0
0 11
1 14
15 19
13 4
14 4
18 7
7
16 6
2 10
6 11
15 16
7 6
2 12
6 16
7
9 3
16 14
17 6
3 13
13 5
12 13
9 18
7
10 11
11 19
5 14
6 11
16 18
18 18
3 16
7
6 9
13 16
18 3
15 19
5 2
19 10
12 7
7
2 9
9 13
15 16
1 10
14 1
14 3
18 11
7
2 15
7 14
18 4
8 2
4 5
2 11
9 13
7
8 4
15 11
17 7
5 7
5 11
14 8
19 10
7
14 0
12 19
17 14
7 5
6 5
16 10
1 14
7
5 5
17 14
4 9
15 17
7 11
5 0
10 0
7
0 3
17 9
11 8
7 5
17 11
0 3
6 4
7
19 0
7 8
13 1
2 8
13 12
11 9
10 10
7
2 18
0 12
14 1
11 6
7 2
14 1
14 14
7
9 6
7 14
11 1
10 17
9 12
19 14
6 13
7
8 3
17 19
15 15
14 17
17 5
9 14
4 19
7
17 15
14 16
18 13
0 10
15 12
8 9
17 8
7
4 9
7 4
8 0
16 2
12 10
8 9
3 7
7
3 4
5 17
12 16
11 0
19 13
9 4
8 13
7
11 6
18 15
9 19
12 18
5 7
15 8
17 7
7
7 12
14 16
9 0
3 10
0 7
12 10
5 0
7
7 16
0 17
18 14
18 9
19 19
10 10
18 4
7
11 16
11 15
13 16
18 19
12 10
8 5
19 12
7
5 18
11 12
13 19
9 2
9 16
15 16
0 1
7
0 8
0 12
3 2
13 4
16 19
9 16
15 11
7
10 14
7 15
10 1
17 16
11 4
2 10
17 8
7
0 14
18 17
18 1
17 17
11 14
15 13
16 8
7
5 11
19 1
8 10
4 9
16 2
19 13
1 15
7
0 12
4 10
18 14
5 16
1 19
19 17
4 12
7
1 19
7 3
0 5
10 18
7 12
4 9
14 17
7
14 13
15 8
13 17
13 19
19 16
7 17
3 8
7
17 0
17 17
0 3
15 5
17 0
6 2
14 12
7
13 19
16 2
0 2
14 12
7 11
5 6
9 4
7
2 4
18 16
15 0
13 4
19 6
19 13
17 19
7
2 15
13 18
6 11
3 6
16 11
17 6
5 16
7
5 11
3 15
17 18
5 17
14 11
19 13
2 15
7
15 7
6 19
10 15
12 15
12 2
9 0
3 9
7
4 18
0 7
6 6
10 8
8 13
5 9
5 0
7
16 17
1 6
0 7
7 13
7 17
19 2
17 14
7
4 0
19 14
12 4
2 13
15 12
9 3
16 15
7
13 19
0 3
6 15
13 4
0 13
12 10
15 9
7
3 11
7 6
4 14
10 4
8 13
1 4
16 16
7
19 12
16 12
4 3
3 9
12 15
0 12
13 6
